00001 1
00002 2
00003 2
00004 3
00005 3
00006 1
00007 1
00008 1
00009 2
00010 2
00011 2
00012 4
00013 4
00014 5
00015 5
00016 6
00017 6
00018 7
00019 7
00020 8
00021 8
00022 9
00023 9
00024 10
00025 10
00026 11
00027 11
00028 12
00029 12
00030 13
00031 13
00032 3
00033 3
00034 3
00035 4
00036 4
00037 5
00038 5
00039 5
00040 6
00041 6
00042 6
00043 6
00044 7
00045 7
00046 7
00047 8
00048 8
00049 8
00050 8
00051 8
00052 8
00053 9
00054 9
00055 9
00056 9
00057 10
00058 10
00059 10
00060 11
00061 11
00062 11
00063 11
00064 12
00065 12
00066 12
00067 12
00068 13
00069 13
00070 13
00071 14
00072 14
00073 14
00074 15
00075 15
00076 15
00077 1
00078 1
00079 2
00080 2
00081 2
00082 2
00083 3
00084 3
00085 3
00086 4
00087 4
00088 4
00089 4
00090 5
00091 5
00092 5
00093 5
00094 5
00095 5
00096 6
00097 6
00098 6
00099 6
00100 7
00101 7
00102 7
00103 7
00104 8
00105 8
00106 8
00107 8
00108 9
00109 9
00110 9
00111 10
00112 10
00113 10
00114 10
00115 11
00116 11
00117 11
00118 11
00119 12
00120 12
00121 12
00122 12
00123 13
00124 13
00125 14
00126 14
00127 15
00128 15
00129 15
00130 15
00131 15
