00001 0 3 1
00006 0 3 1
00007 0 3 1
00008 0 3 1
00077 0 3 1
00078 0 3 1
00002 0 3 2
00009 0 3 2
00010 0 3 2
00011 0 3 2
00079 0 3 2
00080 0 3 2
00081 0 3 2
00082 0 3 2
00004 1 2 3
00005 1 2 3
00032 1 2 3
00033 1 2 3
00034 1 2 3
00083 1 2 3
00084 1 2 3
00085 1 2 3
00012 2 0 4
00013 2 0 4
00035 2 0 4
00036 2 0 4
00086 2 0 4
00087 2 0 4
00088 2 0 4
00089 2 0 4
00014 3 0 5
00015 3 0 5
00037 3 0 5
00038 3 0 5
00039 3 0 5
00090 3 0 5
00091 3 0 5
00092 3 0 5
00093 3 0 5
00094 3 0 5
00095 3 0 5
00016 2 0 6
00017 2 0 6
00040 2 0 6
00041 2 0 6
00043 2 0 6
00096 2 0 6
00097 2 0 6
00098 2 0 6
00099 2 0 6
00018 1 4 7
00019 1 4 7
00044 1 4 7
00045 1 4 7
00100 1 4 7
00101 1 4 7
00102 1 4 7
00103 1 4 7
00020 1 2 8
00021 1 2 8
00047 1 2 8
00048 1 2 8
00049 1 2 8
00050 1 2 8
00051 1 2 8
00052 1 2 8
00104 1 2 8
00105 1 2 8
00106 1 2 8
00107 1 2 8
00022 0 3 9
00023 0 3 9
00054 0 3 9
00055 0 3 9
00056 0 3 9
00108 0 3 9
00109 0 3 9
00110 0 3 9
00025 0 3 10
00057 0 3 10
00058 0 3 10
00059 0 3 10
00111 0 3 10
00112 0 3 10
00113 0 3 10
00026 2 0 11
00027 2 0 11
00060 2 0 11
00061 2 0 11
00062 2 0 11
00063 2 0 11
00115 2 0 11
00116 2 0 11
00117 2 0 11
00118 2 0 11
00028 5 3 12
00029 5 3 12
00064 5 3 12
00065 5 3 12
00066 5 3 12
00067 5 3 12
00119 5 3 12
00120 5 3 12
00121 5 3 12
00122 5 3 12
00030 5 3 13
00031 5 3 13
00068 5 3 13
00069 5 3 13
00070 5 3 13
00123 5 3 13
00124 5 3 13
00071 4 1 14
00072 4 1 14
00073 4 1 14
00125 4 1 14
00126 4 1 14
00074 4 1 15
00075 4 1 15
00076 4 1 15
00128 4 1 15
00129 4 1 15
00130 4 1 15
00131 4 1 15
